16 4 101 0
29 3 12 4 12 3 12 5
41 3 4 0 4 1 3 0
27 3 4 9 5 9 3 9
27 3 5 1 6 1 5 0
31 3 8 0 8 1 7 0
24 3 3 13 4 13 3 14
19 3 5 10 6 10 5 11
10 3 8 9 9 9 9 8
7 3 10 6 10 7 10 5
37 3 0 5 1 5 0 6
22 3 2 2 2 1 2 0
42 3 11 5 11 4 11 6
27 3 14 13 14 14 15 14
26 3 0 14 1 14 2 14
25 2 2 11 3 11
34 3 11 14 10 14 12 14
23 3 13 8 13 9 13 10
27 3 15 5 15 6 14 6
21 3 6 2 6 3 5 2
12 3 7 1 7 2 7 3
26 3 1 15 2 15 0 15
31 3 6 11 6 12 5 12
31 3 7 10 7 9 6 9
19 3 4 2 3 2 3 1
26 3 3 6 4 6 4 5
28 3 5 3 4 3 3 3
39 3 8 2 8 3 9 2
31 3 9 1 9 0 10 0
8 3 3 15 4 15 4 14
23 3 8 11 8 10 9 11
29 3 14 15 13 15 12 15
24 3 9 10 10 10 11 10
34 3 0 7 1 7 1 6
17 3 2 4 2 3 2 5
28 3 11 7 12 7 11 8
26 3 13 1 12 1 13 0
25 3 1 8 0 8 2 8
18 3 6 4 5 4 6 5
21 3 15 7 15 8 14 8
36 3 6 13 6 14 7 14
31 3 7 12 7 13 8 13
28 3 3 8 4 8 3 7
33 3 5 5 5 6 6 6
32 3 8 4 9 4 9 3
19 3 0 0 1 0 1 1
26 3 5 14 5 15 5 13
9 3 11 0 11 1 11 2
14 3 9 12 8 12 9 13
20 3 0 9 0 10 0 11
34 3 11 9 12 9 10 9
25 3 13 3 13 4 14 4
20 3 15 0 14 0 15 1
9 3 1 10 1 9 1 11
24 3 13 12 13 11 12 11
38 3 15 9 15 10 14 9
28 3 7 5 8 5 9 5
13 3 14 1 14 2 15 2
24 3 12 13 11 13 12 12
31 3 3 10 4 10 2 10
25 3 5 7 6 7 4 7
33 3 14 10 14 11 14 12
45 3 0 2 0 3 0 1
9 3 9 14 8 14 8 15
40 3 1 3 1 4 0 4
19 3 13 5 14 5 13 6
39 3 10 15 9 15 11 15
23 3 1 12 1 13 2 12
26 2 13 14 13 13
22 3 15 11 15 12 15 13
31 3 7 7 7 6 8 6
7 1 12 6
17 3 14 3 15 3 15 4
19 2 3 12 4 12
4 1 4 11
31 3 9 7 8 7 8 8
13 1 10 8
28 2 13 7 14 7
11 1 2 13
2 1 12 8
13 2 3 5 3 4
7 1 4 4
19 3 10 1 10 2 10 3
5 2 2 6 2 7
8 1 7 11
20 2 6 15 7 15
5 1 12 10
22 2 13 2 12 2
29 3 10 12 11 12 11 11
5 1 7 4
32 3 6 8 7 8 5 8
12 1 1 2
10 2 0 13 0 12
7 1 15 15
11 1 12 0
10 1 10 11
3 1 10 4
6 1 9 6
9 1 10 13
1 1 2 9
1 1 11 3
8 1 6 0