16 4 137 0
6 2 12 4 11 4
31 2 4 0 4 1
17 2 4 9 4 8
18 2 5 1 6 1
20 2 8 0 7 0
25 2 3 13 2 13
13 2 5 10 6 10
9 2 8 9 8 10
13 2 10 6 11 6
20 2 9 8 10 8
25 2 0 5 0 4
9 2 2 2 3 2
15 2 11 5 12 5
26 2 14 13 14 14
5 2 0 14 0 13
12 2 2 11 1 11
31 2 11 14 11 15
3 2 13 8 14 8
30 2 15 5 14 5
9 2 6 2 6 3
18 2 7 1 8 1
19 2 1 15 1 14
18 2 15 14 15 13
23 2 6 11 7 11
21 2 7 10 7 9
27 2 4 2 4 3
9 2 3 6 3 7
19 2 5 3 5 2
18 2 8 2 7 2
21 2 9 1 10 1
10 2 3 15 4 15
10 2 5 12 5 11
11 2 8 11 9 11
12 2 14 15 15 15
22 2 9 10 10 10
21 2 0 7 0 6
15 2 2 4 3 4
14 2 11 7 11 8
22 2 13 1 13 2
6 2 1 8 1 9
20 2 13 10 12 10
20 2 6 4 5 4
25 2 15 7 14 7
7 2 7 3 7 4
25 2 6 13 7 13
27 2 7 12 6 12
25 2 3 8 3 9
5 2 5 5 6 5
25 2 8 4 9 4
19 2 9 3 9 2
22 2 0 0 1 0
9 2 5 14 4 14
21 2 11 0 12 0
9 2 9 12 9 13
12 2 0 9 0 10
15 2 11 9 12 9
23 2 13 3 14 3
4 2 15 0 15 1
17 2 1 10 2 10
17 2 13 12 13 11
26 2 6 6 5 6
24 2 15 9 15 10
20 2 7 5 7 6
13 2 7 14 8 14
5 2 3 1 3 0
10 2 14 1 14 2
15 2 12 13 11 13
14 2 3 10 4 10
16 2 5 7 6 7
20 2 14 10 14 11
12 2 9 5 10 5
27 2 0 2 1 2
14 2 11 2 12 2
21 2 9 14 10 14
21 2 1 3 0 3 
13 2 13 5 13 6
12 2 15 2 15 3
17 2 10 15 9 15
14 2 1 12 2 12
11 2 13 14 13 13
24 2 15 11 15 12
10 2 7 7 8 7
21 2 12 6 12 7
15 2 3 3 2 3
20 2 5 0 6 0
14 2 12 15 12 14
25 2 3 12 3 11
17 2 5 9 6 9
11 2 4 11 4 12
14 1 14 12
21 2 9 7 9 6
31 2 1 5 1 4
11 1 13 7
19 2 15 4 14 4
3 1 12 8
9 2 3 5 2 5
23 2 4 4 4 5
15 2 9 0 10 0
27 2 3 14 2 14
15 2 4 13 5 13
17 2 9 9 10 9
12 2 13 0 14 0
7 2 8 13 8 12
23 2 1 7 1 6
11 2 13 9 14 9
3 2 2 6 2 7
7 2 15 6 14 6
12 1 2 15
13 2 12 1 11 1
25 2 6 15 7 15
17 2 4 6 4 7
22 2 8 6 8 5
7 2 10 3 10 2
6 1 8 15
23 2 10 12 10 11
10 2 0 11 0 12
31 2 2 8 2 9
12 2 11 11 12 11
19 2 6 8 5 8
22 2 12 3 11 3
23 2 12 12 11 12
24 2 8 8 7 8
11 2 2 1 2 0
1 1 13 4
16 1 10 7
6 1 1 13
1 1 0 15
12 1 8 3
8 1 0 8
11 1 15 8
4 1 6 14
26 2 0 1 1 1
5 1 5 15
13 1 11 10
3 1 10 4
7 1 10 13
16 1 13 15