16 4 105 0
28 3 12 4 12 3 11 3
39 3 4 0 5 0 5 1
19 3 4 9 4 8 5 9
23 3 8 0 7 0 7 1
24 3 3 13 4 13 3 14
18 3 5 10 5 11 6 10
21 3 8 9 8 10 7 10
21 3 10 6 10 7 9 7
19 3 9 8 9 9 10 8
39 3 0 5 0 4 0 3
19 3 2 2 1 2 2 3
20 3 11 5 11 4 10 4
34 3 14 13 15 13 14 14
13 3 0 14 1 14 1 13
34 3 2 11 2 12 2 10
39 3 11 14 10 14 11 15
25 3 13 8 14 8 14 7
29 3 15 5 15 4 15 3
11 3 6 2 7 2 6 3
22 3 1 15 2 15 0 15
7 2 15 14 15 15
35 3 6 11 6 12 7 11
33 3 4 2 5 2 5 3
10 3 3 6 3 7 2 6
39 3 8 2 8 3 8 4
32 3 9 1 9 2 9 3
11 2 3 15 4 15
16 3 5 12 5 13 4 12
28 3 8 11 9 11 10 11
29 2 14 15 13 15
27 2 9 10 10 10
30 3 0 7 0 6 1 7
28 3 2 4 1 4 2 5
42 3 11 7 11 8 11 6
23 3 13 1 13 2 13 0
27 3 1 8 0 8 2 8
28 3 13 10 13 9 12 9
13 3 6 4 7 4 7 3
35 3 15 7 15 6 14 6
30 3 6 13 6 14 6 15
33 3 7 12 7 13 8 13
39 3 3 8 3 9 2 9
32 3 5 5 4 5 3 5
35 3 0 0 0 1 1 1
16 3 5 14 4 14 5 15
17 3 11 0 10 0 10 1
27 3 9 12 10 12 10 13
12 3 0 9 1 9 1 10
34 3 11 9 11 10 12 10
22 3 13 3 13 4 14 3
6 3 15 0 14 0 14 1
26 3 13 12 13 11 13 13
27 3 6 6 5 6 4 6
34 3 15 9 14 9 15 8
25 3 7 5 7 6 8 5
29 3 7 14 7 15 8 14
19 3 3 1 2 1 3 0
19 3 12 13 11 13 11 12
23 3 3 10 4 10 4 11
26 3 5 7 6 7 4 7
22 3 14 10 15 10 14 11
18 3 9 5 9 6 8 6
15 1 0 2
18 3 11 2 11 1 12 1
27 3 9 14 9 15 8 15
10 1 1 3
14 3 13 5 12 5 12 6
20 3 15 2 14 2 15 1
10 1 10 15
15 3 1 12 1 11 0 11
25 3 13 14 12 14 12 15
18 2 15 11 15 12
30 3 7 7 7 8 8 8
17 3 3 3 3 2 4 3
26 2 3 12 3 11
12 1 14 12
29 2 1 5 1 6
23 2 13 7 13 6
15 2 6 1 6 0
28 2 2 13 2 14
27 2 7 9 6 9
9 2 12 8 12 7
26 2 4 4 5 4
14 2 14 5 14 4
10 1 9 0
11 2 10 3 10 2
20 2 1 0 2 0
11 2 11 11 12 11
17 2 6 8 5 8
3 1 12 12
2 1 10 5
7 2 0 13 0 12
15 1 4 1
14 1 8 1
7 1 3 4 
1 1 8 12
1 1 10 9
1 1 6 5
14 1 12 0
15 1 9 4
12 1 9 13
6 1 0 10
1 1 2 7
13 1 12 2
6 1 8 7