16 4 63 0
78 9 12 4 12 5 13 5 13 4 13 3 11 5 11 4 14 4 10 5
119 14 4 0 4 1 3 1 2 1 3 0 2 0 3 2 2 2 5 0 1 0 1 1 2 3 4 2 3 3
61 8 4 9 5 9 3 9 4 10 6 9 5 8 4 8 5 10
50 8 5 1 6 1 5 2 6 2 7 2 7 3 5 3 6 3
58 6 8 0 7 0 7 1 8 1 6 0 9 0
102 10 3 13 4 13 2 13 2 14 2 12 4 12 3 14 1 13 3 12 1 14
36 6 8 9 8 10 8 11 8 12 8 13 7 11
33 6 10 6 9 6 9 5 8 6 11 6 7 6
60 6 9 8 10 8 11 8 11 9 10 9 8 8
111 10 0 5 0 6 1 5 1 4 1 6 1 7 0 7 1 3 0 4 2 5
85 8 14 13 14 12 13 12 13 13 15 12 15 11 14 11 15 10
17 5 0 14 0 13 0 12 0 15 1 15
85 10 2 11 1 11 0 11 3 11 3 10 0 10 2 10 2 9 0 9 1 9
67 7 11 14 11 13 11 12 12 14 10 14 10 12 11 11
59 8 13 8 12 8 13 9 12 7 12 9 13 7 14 8 13 10
32 4 15 5 15 4 15 6 15 3
57 6 15 14 15 15 14 15 14 14 15 13 13 14
40 5 6 11 6 12 5 12 6 10 5 11
35 3 7 10 7 9 7 8
12 4 3 6 3 7 2 6 2 7
93 8 8 2 8 3 8 4 9 3 8 5 7 4 9 4 9 2
21 2 9 1 10 1
20 2 3 15 2 15
32 4 9 10 9 11 9 9 10 10
23 4 2 4 3 4 4 4 3 5
24 3 11 7 10 7 9 7
83 10 13 1 14 1 15 1 14 2 13 0 14 0 12 0 12 1 13 2 14 3
24 3 1 8 2 8 0 8
43 6 6 4 5 4 5 5 6 5 4 5 7 5
43 5 15 7 15 8 14 7 14 6 15 9
43 5 6 13 7 13 6 14 5 13 7 14
13 1 7 12
14 1 3 8
45 3 0 0 0 1 0 2
26 4 5 14 4 14 4 15 5 15
15 3 11 0 11 1 10 0
16 2 9 12 9 13
2 1 15 0
2 1 1 10
28 3 6 6 5 6 6 7
8 2 12 13 12 12
21 2 5 7 4 7
21 2 14 10 14 9
22 4 11 2 10 2 10 3 10 4 
44 5 9 14 8 14 8 15 9 15 10 15
3 1 15 2
5 1 1 12
18 2 7 7 8 7
25 2 12 6 13 6
19 3 12 15 13 15 11 15
6 1 4 11
2 1 14 5
25 2 6 15 7 15
24 3 12 10 12 11 13 11
9 1 4 6
15 1 6 8
32 3 12 3 11 3 12 2
9 1 1 2
11 1 4 3
12 1 10 11
11 1 11 10
13 1 0 3
14 1 10 13