16 4 46 0
46 5 12 4 12 5 13 4 12 3 13 3
80 10 4 0 3 0 4 1 3 1 5 1 3 2 5 0 2 0 3 3 6 0
58 6 4 9 4 8 3 8 3 9 3 7 4 7
94 11 8 0 7 0 7 1 8 1 9 0 9 1 6 1 7 2 10 0 9 2 11 0
122 14 3 13 3 14 2 13 1 13 1 14 2 12 4 13 1 15 2 14 0 14 0 15 2 15 3 12 0 13
78 10 5 10 6 10 5 11 4 11 3 11 2 11 3 10 6 9 5 9 4 10
126 14 8 9 9 9 9 10 9 8 10 9 10 8 7 9 11 8 9 11 11 7 12 8 8 10 8 8 7 8
51 8 10 6 10 7 9 7 9 6 9 5 9 4 8 7 8 6
118 11 0 5 0 4 0 6 1 4 1 5 2 4 2 5 3 5 0 3 1 6 4 5
97 9 2 2 2 3 1 2 1 1 0 2 0 1 2 1 0 0 1 0
35 4 11 5 10 5 10 4 11 4
110 11 14 13 15 13 15 14 15 12 15 15 14 15 14 12 14 14 13 13 13 14 13 15
62 6 11 14 11 15 10 15 9 15 12 15 11 13
75 8 13 8 13 7 13 6 13 9 13 5 14 8 14 9 12 6
68 8 15 5 14 5 14 4 14 6 15 4 15 6 14 7 15 7
90 10 6 2 5 2 6 3 5 3 7 3 8 3 5 4 4 2 4 3 7 4
77 7 6 11 6 12 7 11 7 10 7 12 6 13 5 12
40 6 3 6 2 6 4 6 2 7 1 7 5 6
16 1 8 2
24 5 3 15 4 15 5 15 4 14 5 14
31 5 8 11 8 12 9 12 8 13 9 13
60 10 0 7 0 8 1 8 0 9 0 10 1 9 2 9 0 11 2 8 1 10
86 12 13 1 14 1 15 1 14 0 14 2 15 0 13 0 12 0 15 2 13 2 14 3 12 1
97 10 13 10 14 10 12 10 14 11 15 10 12 11 13 11 15 11 15 9 15 8
50 7 6 4 6 5 6 6 5 5 7 5 8 5 8 4
26 6 9 3 10 3 10 2 11 3 11 2 10 1
21 4 11 9 12 9 11 10 10 10
5 2 13 12 12 12
51 7 7 14 8 14 9 14 10 14 10 13 6 14 8 15
18 2 12 13 12 14
47 5 5 7 6 7 7 7 5 8 6 8
8 1 1 3
23 3 1 12 1 11 0 12
24 2 4 4 3 4
23 2 6 15 7 15
6 1 5 13
48 4 10 12 10 11 11 12 11 11
13 1 2 10
14 1 11 6
11 1 12 7
5 1 4 12
14 1 7 13
5 1 11 1
4 1 7 6
13 1 12 2
6 1 15 3