16 4 86 0
42 4 12 4 12 3 13 4 13 3
46 4 4 0 5 0 5 1 6 0
30 4 4 9 3 9 4 10 3 10
37 4 8 0 7 0 7 1 9 0
39 4 3 13 4 13 3 14 4 14
26 4 5 10 6 10 5 9 5 11
25 4 8 9 9 9 9 10 10 10
32 4 10 6 10 7 9 7 11 7
33 4 9 8 8 8 8 7 8 6
55 4 0 5 1 5 0 4 1 4
20 4 2 2 2 1 3 2 2 3
38 4 11 5 11 4 12 5 13 5
42 4 14 13 14 14 13 13 15 13
30 4 0 14 1 14 2 14 2 13
58 4 2 11 2 10 2 9 2 8
47 4 11 14 11 15 10 14 11 13
32 4 13 8 12 8 14 8 13 7
30 4 15 5 15 6 14 6 15 7
27 4 6 2 7 2 7 3 8 2
15 3 1 15 2 15 0 15
37 3 15 14 15 15 14 15
31 4 6 11 7 11 8 11 8 10
24 2 7 10 7 9
47 4 4 2 4 1 4 3 5 3
24 4 3 6 2 6 1 6 2 5
38 4 9 1 9 2 9 3 10 2
15 2 3 15 4 15
51 4 5 12 6 12 6 13 7 12
39 4 0 7 0 6 1 7 0 8
29 4 2 4 3 4 3 5 4 5
38 4 13 1 13 0 12 0 12 1
16 4 1 8 1 9 1 10 0 9
24 4 13 10 12 10 11 10 12 9
37 4 6 4 6 3 5 4 5 5
33 4 3 8 4 8 3 7 4 7
32 4 8 4 8 5 7 5 7 4
52 4 0 0 0 1 1 0 1 1
36 4 5 14 5 13 6 14 5 15
17 4 11 0 10 0 11 1 10 1
34 4 9 12 9 13 9 11 10 11
38 4 11 9 11 8 10 8 10 9
12 4 15 0 15 1 15 2 14 0
26 4 13 12 14 12 15 12 15 11
30 4 6 6 6 7 5 6 5 7
51 4 15 9 15 10 14 10 14 9 
34 4 7 14 7 15 6 15 7 13
13 3 3 1 3 0 2 0
11 2 14 1 14 2
33 4 12 13 12 14 12 12 11 12
33 4 9 5 9 6 10 5 9 4
48 4 0 2 1 2 0 3 1 3
28 3 11 2 12 2 13 2
26 3 9 14 9 15 8 14
16 1 10 15
18 4 1 12 0 12 0 11 1 11
18 2 13 14 13 15
43 4 7 7 7 6 7 8 6 8
37 4 12 6 12 7 13 6 11 6
3 1 3 3
25 4 14 3 14 4 14 5 15 3
4 1 12 15
31 3 3 12 3 11 4 11
7 1 6 1
10 1 15 4
11 1 5 2
15 1 4 4
11 2 8 13 8 12
8 1 13 9
11 1 4 6
16 1 14 7
13 3 10 3 11 3 10 4
3 1 8 15
15 2 10 12 10 13
15 2 11 11 12 11
20 2 13 11 14 11
10 2 0 13 1 13
15 1 8 1
11 1 2 12
3 1 4 12
13 1 8 3
9 1 15 8
1 1 6 5
6 1 0 10
1 1 2 7
2 1 5 8
14 1 6 9